  4.8243434e-003
  3.0728718e-002
  9.0594682e-002
  1.6794482e-001
  2.2464127e-001
  2.3345719e-001
  1.9351255e-001
  1.2376524e-001
  4.9603603e-002
 -8.5090519e-003
 -4.0673835e-002
 -4.7563198e-002
 -3.6851734e-002
 -1.8562839e-002
 -1.2522191e-003
  1.0033163e-002
  1.3999006e-002
  1.2111827e-002
  7.1218645e-003
  1.7329810e-003
 -2.2227924e-003
 -4.0353573e-003
 -3.9250921e-003
 -2.6318140e-003
 -9.9294594e-004
  3.5367314e-004
  1.0954971e-003
  1.2233213e-003
  9.2277268e-004
  4.4488236e-004
  3.7901963e-006
 -2.7648060e-004
 -3.6760149e-004
 -3.1062805e-004
 -1.7771634e-004
 -3.8201262e-005
  6.1987498e-005
  1.0605151e-004
  1.0086292e-004
  6.6128246e-005
  2.3529781e-005
 -1.0761118e-005
 -2.9102720e-005
 -3.1633202e-005
 -2.3370303e-005
 -1.0854595e-005
  4.4931720e-007
  7.4616321e-006
  9.5718697e-006
  7.9223471e-006
  4.4082415e-006
  8.1012908e-007
 -1.7191550e-006
 -2.7834550e-006
 -2.5889271e-006
 -1.6585485e-006
 -5.5268447e-007
  3.1937967e-007
  7.7157780e-007
  8.1710357e-007
  5.9111587e-007
  2.6379977e-007
 -2.5565283e-008
 -2.0068588e-007
