 0.00000000000000E+0000
 1.90107025146484E+0002
 1.00496078491210E+0002
-2.47945022583008E+0001
 1.97574981689453E+0002
-1.62547241210938E+0002
-1.94549682617188E+0002
 2.19859619140625E+0002
 6.90420989990234E+0001
 1.94050140380859E+0002
-1.78905822753906E+0002
 3.50809204101563E+0002
-2.33311218261719E+0002
 5.63131713867188E+0001
-5.52031784057617E+0001
 2.34071899414063E+0002
-1.44012023925781E+0002
 2.79211730957031E+0002
 1.77449523925781E+0002
-3.01708221435547E+0002
 1.21682632446289E+0002
-6.41600189208984E+0001
 2.14803344726563E+0002
 9.80382537841797E+0001
-1.78872192382813E+0002
 2.30480606079102E+0002
 1.62479293823242E+0002
-1.89018798828125E+0002
 1.23520584106445E+0002
-7.78731231689453E+0001
 1.50312759399414E+0002
 1.85249618530273E+0002
 6.17883949279785E+0001
-1.34207702636719E+0002
 1.74923591613770E+0001
 1.03894218444824E+0002
 3.93511886596680E+0001
 1.86001083374023E+0002
-3.67472686767578E+0001
-3.50274047851563E+0001
 1.27826446533203E+0002
-9.76072692871094E+0001
 3.26411056518555E+0001
 2.02109146118164E+0002
 1.22898796081543E+0002
-4.18037948608398E+0001
-9.14691162109375E+0000
-1.98877334594727E+0001
 8.07239151000977E+0000
 1.26306129455566E+0002
 2.07247695922852E+0002
 1.42474651336669E+0001
-1.80894134521484E+0002
 1.21050415039062E+0002
 1.11511329650878E+0002
 7.53562545776367E+0000
 5.32505416870117E+0001
-6.43060989379883E+0001
 1.71861907958984E+0002
 1.21562301635742E+0002
-1.37814086914063E+0002
 1.65430511474609E+0002
-1.56745513916016E+0002
 2.13560821533203E+0002
 5.37258071899414E+0001
 8.02708740234375E+0001
-7.25151062011719E-0001
-4.82382202148438E+0001
 2.29020248413086E+0002
-1.57722961425781E+0002
 2.12525024414063E+0002
-1.95037689208984E+0001
 3.97758445739746E+0001
 1.53779418945313E+0002
-6.43783264160156E+0001
-1.51422103881836E+0002
 4.22789062500000E+0002
-1.09857452392578E+0002
 4.18367156982422E+0001
 1.93599243164063E+0002
-1.64590286254883E+0002
-5.84516220092773E+0001
 1.89873077392578E+0002
 1.34473358154297E+0002
 5.29646720886230E+0001
 3.62177200317383E+0001
-1.31955932617188E+0002
 2.75291625976563E+0002
-1.64369567871094E+0002
 7.29901428222656E+0001
 2.28959884643555E+0001
 2.74381011962891E+0002
-7.32346496582031E+0001
 2.33180236816406E+0001
-1.69880096435547E+0002
 3.70193054199219E+0002
-4.43220443725586E+0001
-2.67009506225586E+0001
-8.73832397460938E+0001
 1.78953247070313E+0002
 1.57297042846680E+0002
 6.24368782043457E+0001
-1.07068748474121E+0001
-1.03306610107421E+0002
 6.06703948974609E+0001
 1.06099082946777E+0002
 2.91814575195313E+0002
-1.99615707397461E+0002
 5.29989089965820E+0001
-1.27141571044921E+0001
 2.42065170288086E+0002
 8.64108200073242E+0001
-7.46419982910156E+0001
 4.84286193847656E+0001
-1.56750946044921E+0001
 8.87748107910156E+0001
 1.25956085205078E+0002
 9.96466903686523E+0001
 2.25872924804688E+0002
-1.63880294799805E+0002
-1.67020446777344E+0002
 2.80572937011719E+0002
 3.47596282958984E+0001
 1.61702957153320E+0002
 1.41371154785156E+0002
-1.73475952148438E+0002
 3.79027099609375E+0001
 2.62068603515625E+0002
 3.10443496704102E+0000
-5.30798721313477E+0001
 1.57871826171875E+0002
 4.37792053222656E+0001
 1.53623779296875E+0002
-3.28915786743164E+0001
 3.41756820678711E+0001
-1.45017395019531E+0002
 2.65118652343750E+0002
-3.08988189697266E+0000
 1.82258575439453E+0002
-9.66676940917969E+0001
-6.63695068359375E+0001
-1.63849456787109E+0002
 3.63764770507813E+0002
 2.41453186035156E+0002
-3.12654083251953E+0002
 1.08331939697265E+0002
 2.12046813964844E+0001
 5.39831542968750E+0001
-1.86974853515625E+0002
 3.51618225097656E+0002
-9.45030212402344E-0001
-1.54096313476563E+0002
 2.73104187011719E+0002
-6.78901824951172E+0001
-2.49813476562500E+0002
 2.73125854492188E+0002
 7.19500160217285E+0000
 5.92840347290039E+0001
-2.82306594848633E+0001
-2.71217590332031E+0002
 2.59192199707031E+0002
-1.72266601562500E+0002
 2.17841613769531E+0002
 1.01759384155273E+0002
-1.26789855957031E+0002
 1.79484924316406E+0002
 4.38826965332031E+0002
 5.73247497558594E+0002
 4.53158599853516E+0002
 4.89514831542969E+0002
 3.01594116210938E+0002
 4.47188964843750E+0002
 5.55205444335938E+0002
 3.78022949218750E+0002
-1.53689147949219E+0002
-6.55124206542969E+0001
-1.33057220458984E+0002
-9.74543457031250E+0001
-2.08691406250000E+0000
-2.84148376464844E+0002
-1.94541717529297E+0002
-3.26013946533203E+0002
-2.06401123046875E+0002
-1.49491943359375E+0002
 1.06379455566406E+0002
-6.47768478393555E+0001
 4.68245239257813E+0001
-2.67643005371094E+0002
-3.30344024658203E+0002
 1.68992599487305E+0002
-9.21101760864258E+0000
 1.31100036621094E+0002
-1.77112991333008E+0002
 1.07576019287109E+0002
-9.65579910278320E+0001
 7.17252197265625E+0001
-8.38721771240234E+0001
-1.20475524902343E+0002
 8.57395172119141E+0000
 8.25609970092773E+0001
 1.86795578002930E+0002
-7.66450805664063E+0001
 1.44782669067383E+0002
-5.36586685180664E+0001
-2.20191207885742E+0002
 1.03493148803710E+0002
 1.33641021728516E+0002
 8.34065933227539E+0001
-1.71813049316406E+0002
 3.72992370605469E+0002
-6.93061447143555E+0001
 2.60433998107910E+0001
-4.79637069702148E+0001
-1.31213836669922E+0002
 7.67725601196289E+0001
 2.39026290893555E+0002
 4.92114562988281E+0001
 1.76758117675781E+0002
-1.90872756958008E+0002
 1.72558074951172E+0002
-2.04520568847656E+0002
 4.50420188903809E+0001
 2.10950195312500E+0002
 1.29885467529297E+0002
-5.70523529052734E+0001
-6.51781921386719E+0001
 2.59311614990234E+0002
 9.00803222656250E+0001
-3.03038482666016E+0001
-3.15619567871094E+0002
 1.92682891845703E+0002
 1.89488006591797E+0002
 2.44287109375000E+0002
-1.08384216308593E+0002
-6.23289260864258E+0001
 9.69700546264648E+0001
-8.17709350585938E+0001
 1.58624725341797E+0002
 2.09241821289063E+0002
-1.40647888183593E+0001
-9.99602203369141E+0001
 8.08114776611328E+0001
 5.71643295288086E+0001
 1.84573425292969E+0002
 1.66196319580078E+0002
-6.68334808349609E+0001
 6.14821243286133E+0000
-1.59725616455078E+0002
 1.62455413818359E+0002
 2.60422546386719E+0002
 3.24423828125000E+0002
-2.02081481933594E+0002
 9.80032348632813E+0000
 1.66299362182617E+0002
-1.72822570800781E+0000
-1.06939361572265E+0002
 2.41057647705078E+0002
 3.73086029052734E+0002
 1.14051788330078E+0002
-1.11521667480468E+0002
-1.24605972290039E+0002
 2.01820358276367E+0002
 2.47913787841797E+0002
 5.51345405578613E+0001
 2.07433013916016E+0001
 9.27585220336914E+0001
 2.03740692138672E+0002
 1.72659255981445E+0002
 1.17987701416015E+0002
-1.79635803222656E+0002
 4.15999526977539E+0001
 3.88032531738281E+0002
 2.59354171752930E+0001
-5.41410598754883E+0001
 1.71260131835938E+0002
 3.53643875122070E+0001
 6.81685943603516E+0001
 6.93354797363281E+0000
 9.36100006103516E+0001
-3.04623962402344E+0002
 4.68013076782227E+0001
 2.70542449951172E+0002
 1.62456695556641E+0002
 1.40670166015625E+0001
-3.57622741699219E+0002
-2.46216461181641E+0002
 1.51993759155273E+0002
 1.94338775634766E+0002
 3.15856170654297E+0001
-5.27318115234375E+0001
-1.19347305297851E+0002
-6.03808631896973E+0001
-7.96432418823242E+0001
-1.28593048095703E+0002
 2.59005615234375E+0002
-2.38582153320313E+0002
 1.32961547851563E+0002
 7.43222503662109E+0001
-2.40795257568359E+0002
 4.52089080810547E+0001
-1.29338638305664E+0002
 2.29578704833984E+0001
 6.76583480834961E+0000
 1.33343719482422E+0002
-1.43075668334961E+0002
 5.39180526733398E+0001
 6.79278488159180E+0001
-2.19605560302734E+0002
 9.92564964294434E+0000
-1.71925544738770E+0001
 9.80393371582031E+0001
 1.39710250854492E+0002
-9.84216842651367E+0001
-1.45407043457031E+0002
 1.51296600341797E+0002
-7.63464355468750E+0001
 1.08731575012207E+0001
-1.82265224456787E+0001
 1.34172683715820E+0002
-3.53266601562500E+0001
-3.98880462646484E+0001
-6.11848754882813E+0001
 2.13544769287109E+0002
-4.32273712158203E+0001
-3.27032356262207E+0001
 5.55351257324219E+0000
-2.09714660644531E+0002
 2.48113937377930E+0002
 2.21756317138672E+0002
 5.01745223999023E+0001
-1.26227752685546E+0002
-2.48309539794922E+0002
 1.33196762084961E+0002
 3.32830474853516E+0002
-1.92166793823242E+0002
 2.64203979492188E+0002
-2.56354736328125E+0002
 2.01294525146484E+0002
 9.26430969238281E+0001
-5.14993438720703E+0001
 1.50790405273437E+0001
 1.50603836059570E+0002
-2.26608093261719E+0002
 3.76267456054688E+0002
-1.28053405761719E+0002
 1.11811408996582E+0002
 2.78881378173828E+0002
-1.74809783935547E+0002
-1.17805389404296E+0002
 7.06582565307617E+0001
 1.92340469360352E+0002
 6.65344543457031E+0001
 3.59532089233398E+0001
 1.71117340087891E+0002
-1.30541748046875E+0002
 3.99330902099609E+0001
 5.11844139099121E+0001
 9.51405944824219E+0001
-9.46432495117188E+0000
 1.93432342529297E+0002
-1.00554016113281E+0002
 7.07839965820313E+0001
 1.95918746948242E+0002
-4.74732666015625E+0001
 9.04426574707031E+0001
-1.38980438232422E+0002
 2.14511535644531E+0002
-2.22337036132813E+0002
 2.87034393310547E+0002
 1.97446929931641E+0002
 1.15116943359375E+0002
-1.58731369018555E+0002
-2.01663330078125E+0002
 1.37478286743164E+0002
 3.31094299316406E+0002
-9.98524627685547E+0001
 1.95308341979980E+0001
 6.87145538330078E+0001
 1.94385681152344E+0002
 1.51724357604980E+0001
-1.17851043701171E+0002
-1.28640625000000E+0002
 3.13349121093750E+0002
 6.79465026855469E+0001
-1.27188949584960E+0002
 4.04627868652344E+0002
-2.03732223510742E+0002
 5.94818916320801E+0001
-2.21066436767578E+0001
 3.92641220092773E+0001
 1.15043502807617E+0002
 1.78381500244141E+0002
-2.55395904541016E+0002
 2.33531402587891E+0002
 1.52577362060547E+0002
 4.46328353881836E+0000
-6.65282821655273E+0000
-1.82463623046875E+0002
 1.15789207458496E+0002
 1.56166671752930E+0002
 4.70299453735352E+0001
 4.27545700073242E+0001
 2.56941650390625E+0002
-1.09489929199218E+0002
-1.31446090698242E+0002
 8.61222991943359E+0001
 1.11846603393554E+0002
 1.11118011474609E+0001
 2.29865493774414E+0002
 5.50000076293945E+0001
-1.66649917602539E+0002
 1.55960479736328E+0002
-1.05123428344726E+0002
 2.11462921142578E+0002
-2.20467773437500E+0002
 3.09741607666016E+0002
 9.79753723144531E+0001
-7.98544006347656E+0001
 1.16216583251953E+0002
-1.51859085083008E+0002
 2.60388671875000E+0002
-1.30034301757813E+0002
 6.89270401000977E+0001
 7.74726257324219E+0001
 1.73203277587891E+0001
 1.04861831665039E+0002
 2.53075622558594E+0002
-2.69962097167969E+0002
-4.09257812500000E+0001
 7.25312652587891E+0001
 1.91512115478516E+0002
 2.43586292266846E+0001
 1.46096588134766E+0002
-1.20191467285156E+0002
 1.55419265747070E+0002
-8.48857269287109E+0001
 7.53432922363281E+0001
-7.72528686523438E+0001
 1.84965057373047E+0002
 1.44468963623047E+0002
-8.84739379882813E+0001
 2.27522918701172E+0002
-6.11719284057617E+0001
-1.28545013427734E+0002
-8.11675720214844E+0001
 2.93812286376953E+0002
 2.43077774047852E+0002
 1.10915695190429E+0002
-7.37937316894531E+0001
-2.06385681152344E+0002
 1.07699569702148E+0002
 1.61963989257813E+0002
 2.62070045471191E+0001
 2.25232986450195E+0002
-3.49782409667969E+0001
 6.65501556396484E+0001
 2.18536186218262E+0001
 6.26544189453125E+0000
-1.16046569824218E+0002
 1.34102050781250E+0002
 1.55002563476563E+0002
 2.42576965332031E+0002
-7.87880249023438E+0001
-9.20674896240234E+0001
 1.11931991577148E+0002
 8.03287582397461E+0001
 7.20421218872070E+0001
 1.79049758911133E+0002
-2.89496994018555E+0001
-8.04576950073242E+0001
 2.03577178955078E+0002
 3.59311065673828E+0001
-1.40416442871094E+0002
 3.86151008605957E+0001
 2.10432250976563E+0002
-2.04929321289063E+0002
 2.11185104370117E+0002
 2.02272491455078E+0002
-1.72145690917969E+0002
 5.78874626159668E+0001
-2.40065979003906E+0002
 2.60390777587891E+0002
 1.06904571533203E+0002
 1.32933029174805E+0002
-6.11394958496094E+0001
-1.74944961547852E+0002
 1.00918739318847E+0002
-8.49511108398438E+0001
 1.93483856201172E+0002
-3.15087051391602E+0001
 1.95128890991211E+0002
-1.12152664184570E+0002
 2.16112136840820E+0001
-1.47792221069336E+0002
-8.48752059936523E+0001
-8.19024658203125E+0000
 2.61757934570313E+0002
 1.36578384399414E+0002
-1.27148681640625E+0002
-1.13741943359375E+0002
 2.11735473632813E+0002
 3.87143066406250E+0002
 4.51487609863281E+0002
 5.75247070312500E+0002
 2.10455505371094E+0002
 8.65079895019531E+0002
 5.91135070800781E+0002
 3.44057434082031E+0002
 2.61529479980469E+0002
 3.28788482666016E+0002
 5.10274391174316E+0001
-1.39958694458008E+0002
-1.37524139404297E+0002
-1.01098327636718E+0002
-1.13265808105468E+0002
-1.72375152587891E+0002
-3.89330352783203E+0002
-2.52834594726563E+0002
-2.23282592773438E+0002
 1.71724273681641E+0002
-2.85978454589844E+0002
-2.48933288574219E+0002
 2.21381591796875E+0002
-1.20210983276367E+0002
-2.46359069824219E+0002
-2.52382339477539E+0002
 2.07720581054688E+0002
 6.80426025390625E+0001
-1.46753723144531E+0002
-3.39609527587891E+0000
-2.87668380737305E+0001
-1.20449829101563E+0000
-2.47129104614258E+0002
 1.72448104858398E+0002
 2.17065353393555E+0001
 1.47419319152832E+0001
-7.07544021606445E+0001
 9.44839630126953E+0001
-9.11368942260742E+0000
-1.05025146484375E+0002
 2.28334396362305E+0002
-8.52256622314453E+0001
-7.69376525878906E+0001
 1.36762451171875E+0002
 1.59043273925781E+0002
-2.19873657226563E+0002
 1.74035217285156E+0002
 1.28265716552734E+0002
-1.67101593017578E+0002
 1.23714897155761E+0002
 8.49947814941406E+0001
 4.82495574951172E+0001
-1.66682128906250E+0002
 3.09478546142578E+0002
-1.97792114257813E+0002
 1.95700149536133E+0002
 1.74167114257813E+0002
-1.13934722900390E+0002
-1.59688095092773E+0002
 2.63278839111328E+0002
-4.15176391601563E+0001
-2.01544265747070E+0001
 2.62150817871094E+0002
 6.91595306396484E+0001
 1.08155212402343E+0001
-2.37595123291016E+0002
 2.22989105224609E+0002
 8.83456878662109E+0001
-1.24909179687500E+0002
 2.08974212646484E+0002
 2.36105224609375E+0002
 1.92114410400391E+0001
-1.32330505371094E+0002
-2.21945648193359E+0002
 2.62226623535156E+0002
 1.15670051574707E+0002
 2.11361633300781E+0002
 3.31787033081055E+0001
-1.46604949951172E+0002
 1.89490951538086E+0002
-8.59249420166016E+0001
 1.81907348632813E+0001
 2.43538970947266E+0002
 1.21256301879882E+0002
-4.26896972656250E+0001
 1.42089920043945E+0001
 2.89781951904297E+0002
-1.75250381469727E+0002
 6.92800445556641E+0001
 1.38305145263672E+0002
 9.64526519775391E+0001
 3.32904907226563E+0002
-2.41849761962891E+0002
 4.55134811401367E+0001
 1.47396606445313E+0002
 2.86327117919922E+0002
 2.16736450195313E+0001
 7.19854660034180E+0001
-2.16189270019531E+0001
 1.92879913330078E+0002
 2.36681518554688E+0002
-1.34565582275391E+0002
 2.03408035278320E+0002
 1.03588157653808E+0002
 2.37330978393555E+0002
-4.82287902832031E+0001
 1.46072387695312E+0001
 1.36382568359375E+0002
 1.94618957519531E+0002
 1.09023094177246E+0001
 6.43555679321289E+0001
-8.36110839843750E+0001
 1.05968688964843E+0002
 1.55641632080078E+0002
 1.45522323608398E+0002
-2.54569030761719E+0002
-3.34721984863281E+0001
-2.69979248046875E+0001
 1.97186584472656E+0002
 1.37070663452148E+0002
-1.84183288574219E+0002
-4.57715530395508E+0001
-6.49165954589844E+0001
 1.08363807678222E+0002
-1.28603958129883E+0002
-7.31982574462891E+0001
 9.97005157470703E+0001
 1.36916259765625E+0002
-1.89892242431641E+0002
 2.47513046264648E+0001
-2.81167373657227E+0001
-1.29177444458008E+0002
-4.11879653930664E+0001
 2.51632537841797E+0001
 2.19214385986328E+0002
-1.54662780761719E+0002
 6.73922729492188E+0001
-7.41007156372070E+0001
-2.17770248413086E+0002
 1.88400863647461E+0002
 1.28712425231933E+0001
-1.37916488647461E+0002
 3.93947486877441E+0001
 2.73690826416016E+0002
-5.61604499816895E+0001
-1.22985565185546E+0002
-2.02477203369141E+0002
 9.92567443847656E+0001
 1.08286926269531E+0002
 2.00660858154297E+0002
-2.15738250732422E+0002
 8.14252319335938E+0001
 2.38680076599121E+0001
-1.31182479858398E+0001
-1.36198974609375E+0002
 1.81574325561523E+0001
 3.43518768310547E+0002
-9.05546722412109E+0001
-2.23039855957031E+0002
 2.02737808227539E-0001
 3.28044860839844E+0002
 2.66148681640625E+0001
-1.58562896728516E+0002
-4.94064254760742E+0001
 1.81633087158203E+0002
-2.27229324340820E+0002
 1.82910919189453E+0002
 1.72823425292969E+0002
 7.13139724731445E+0001
-1.72988006591797E+0002
 1.63794738769531E+0002
-2.84679809570313E+0002
 8.19098510742188E+0001
 3.25833251953125E+0002
-1.00236938476562E+0002
 1.61446548461914E+0002
-1.20269302368164E+0002
 1.21425582885742E+0002
-6.27695312500000E+0001
 1.36373947143555E+0002
-1.77961212158203E+0002
 1.81586517333984E+0002
 1.54137908935547E+0002
 2.95586051940918E+0001
 5.13322830200195E+0001
-1.44292755126953E+0002
 1.76127349853516E+0002
-4.35236816406250E+0001
-6.27088317871094E+0001
 2.15447937011719E+0002
 1.69546478271484E+0002
-6.09841766357422E+0001
-3.13735961914063E+0001
-4.40736618041992E+0001
 2.01731262207031E+0002
 5.37424621582031E+0001
-7.33156127929688E+0001
 2.77113895416260E+0001
 2.73434906005859E+0002
-5.54855194091797E+0001
-1.08551849365234E+0002
 1.91586624145508E+0002
-9.75780868530273E+0000
 1.04257484436035E+0002
 2.25673675537109E-0001
-8.37711334228516E+0000
 6.17669067382813E+0001
 1.71736633300781E+0002
-3.93670654296875E+0001
-3.84613647460938E+0001
 2.80875000000000E+0002
-2.24791717529297E+0002
 2.59131225585938E+0002
-3.74007873535156E+0001
 5.17146720886230E+0001
-1.04023040771484E+0002
 1.39771713256836E+0002
 2.23769668579102E+0002
-4.32159118652344E+0001
-5.60185928344727E+0001
 5.42875671386719E+0001
 1.35165145874023E+0002
 1.30013351440429E+0001
 3.80819664001465E+0001
-9.92273864746094E+0001
 3.00825134277344E+0002
-5.43290710449219E+0000
 6.18452453613281E+0001
-1.09563110351562E+0002
 1.03402381896972E+0002
 1.17053726196289E+0002
-4.71402969360352E+0001
 2.30058990478516E+0002
-3.22664794921875E+0001
-1.16777160644531E+0002
 1.59236358642578E+0002
 7.13479156494141E+0001
 8.24604797363281E+0001
 4.54506988525391E+0001
 1.99089851379395E+0001
-1.55333724975586E+0002
 2.94084411621094E+0002
-1.92552276611328E+0002
 3.36553192138672E+0002
 9.05887985229492E+0001
-1.36558288574219E+0002
 1.52313308715820E+0001
-4.14497604370117E+0001
 1.60443023681641E+0002
 6.91884689331055E+0001
 1.56649505615234E+0002
 8.94470977783203E+0001
-2.38679809570313E+0002
 2.07979431152344E+0002
 8.30871582031250E-0001
 5.88226547241211E+0001
 3.12767028808594E-0001
 2.34269714355469E+0001
 1.80775024414063E+0002
 1.41288513183594E+0002
-1.69521881103516E+0002
-1.40650787353515E+0001
 2.12286987304688E+0002
-1.03705795288085E+0002
 2.14315322875977E+0002
 7.84917984008789E+0001
-8.73669433593750E+0001
-1.01519622802734E+0002
 2.75459106445313E+0002
 2.49773803710938E+0002
-2.41261871337891E+0002
 5.57237472534180E+0001
 1.14026687622070E+0002
 1.50512374877930E+0002
-1.45542633056641E+0002
 8.05067901611328E+0001
 2.56614746093750E+0002
 1.03291473388671E+0002
 9.38851776123047E+0001
-2.96162231445313E+0002
 1.35705917358398E+0002
 1.22313377380371E+0002
 1.20729499816894E+0002
 1.10392959594726E+0002
 9.78250656127930E+0001
-1.36725006103516E+0002
 1.00569122314453E+0002
 5.34789505004883E+0001
 2.76673767089844E+0002
-1.66584457397461E+0002
 9.86658859252930E+0001
 5.50504608154297E+0001
 3.15529205322266E+0002
-6.23196716308594E+0001
-1.82020385742188E+0002
 1.66449279785156E+0002
 1.41777343750000E+0002
-1.58028625488281E+0002
 1.30826919555664E+0002
 1.18521583557128E+0002
-3.04737625122070E+0001
 1.13920333862304E+0002
-1.37312881469727E+0002
 1.82727478027344E+0002
-1.98011413574219E+0002
 3.17238525390625E+0002
-5.90691986083984E+0001
-5.37487182617188E+0001
 5.52985382080078E+0000
 7.69230346679688E+0001
 1.27592681884765E+0002
 2.88664627075195E+0001
-6.93328094482422E+0001
-1.14490219116210E+0002
 1.14526321411132E+0002
 6.93011245727539E+0001
 1.86139450073242E+0002
-1.78330627441406E+0002
 1.17104568481445E+0001
-6.92372131347656E+0001
-4.16995773315430E+0001
 1.08735778808593E+0002
-3.66021728515625E+0001
 1.14442398071289E+0002
-1.22673522949218E+0002
 5.45729980468750E+0002
 1.94481170654297E+0002
 2.89793823242188E+0002
 4.94068695068359E+0002
 5.96528869628906E+0002
 5.95307067871094E+0002
 8.57536987304688E+0002
 2.15176376342773E+0002
 2.05619445800781E+0002
 3.50677734375000E+0002
 2.90183334350586E+0001
-1.84657974243164E+0002
 1.11302352905273E+0002
-8.36969604492188E+0001
-2.58814758300781E+0002
-5.15028503417969E+0002
-1.72189926147461E+0002
-7.72358703613281E+0001
 8.07419738769531E+0001
-3.00677124023438E+0002
 7.19815063476563E+0000
-2.15638168334961E+0002
-1.65052429199219E+0002
-1.23909317016601E+0002
 7.64699554443359E+0000
 2.25660339355469E+0002
-2.29214523315430E+0002
-1.56676559448242E+0002
 1.92836654663086E+0002
-1.73561782836914E+0002
-1.69482742309570E+0002
 1.07922302246093E+0002
-3.49195098876953E+0000
 1.77701110839844E+0001
 1.25234596252441E+0002
-1.56408050537109E+0002
-1.73780517578125E+0001
-1.29203292846680E+0002
 2.30554840087891E+0002
-1.24576416015625E+0002
 1.61789855957031E+0002
 1.48852447509766E+0002
-2.62833251953125E+0002
-7.85301666259766E+0001
 2.71529998779297E+0001
 2.82384765625000E+0002
 9.44515380859375E+0001
-1.59154296875000E+0002
-1.26021423339843E+0002
 3.07312316894531E+0002
-1.78585998535156E+0002
 6.49173965454102E+0001
 9.12350921630859E+0001
 2.57258148193359E+0001
 4.05938568115234E+0001
 9.07710800170898E+0001
 3.82655410766602E+0001
 3.81838531494141E+0001
-2.17481002807617E+0002
 1.11949401855468E+0002
 1.79085754394531E+0002
 8.73658065795898E+0001
 1.08824813842773E+0002
-5.89099502563477E+0000
-9.52655944824219E+0001
-7.13236007690430E+0001
 1.54535583496094E+0002
 7.55090637207031E+0001
 1.86560821533203E+0000
 2.55773315429688E+0002
 1.14819335937500E+0000
-2.29666259765625E+0002
 3.78997192382813E+0001
 2.01872482299805E+0002
 2.46110343933105E+0001
 1.21482505798339E+0001
 4.38160095214844E+0001
 2.10081283569336E+0002
 4.04771957397461E+0001
-2.01213668823242E+0002
 1.28778533935546E+0001
 2.80347320556641E+0002
 9.21673431396484E+0001
 6.23386650085449E+0001
-6.09171752929688E+0001
-3.43430404663086E+0001
 2.94728881835938E+0002
-5.00271987915039E+0001
 3.26524749755859E+0002
-2.45007202148438E+0002
 2.98838104248047E+0002
-1.16212417602539E+0002
 6.17860145568848E+0001
 2.86059753417969E+0002
 1.58051620483398E+0002
-1.61257781982422E+0001
 7.72249526977539E+0001
-3.24879913330078E+0001
 8.92066955566406E+0001
 3.60566833496094E+0002
 6.63036956787109E+0001
 8.25196380615234E+0001
 4.09732589721680E+0001
-1.89298858642578E+0001
 1.68819198608398E+0002
 2.63747222900391E+0002
 1.77122207641602E+0002
-8.57495574951172E+0001
 4.21416015625000E+0001
 2.17310272216797E+0002
-2.48046722412109E+0002
 2.40252517700195E+0002
 1.06474594116210E+0002
 1.77914276123047E+0002
-1.22076538085937E+0002
-1.99073181152344E+0001
-3.07770347595215E+0001
-3.33966293334961E+0001
-6.82010574340820E+0001
 1.30708221435547E+0002
 1.21709930419921E+0002
 5.28997650146484E+0001
-4.31998443603516E+0001
-3.19745971679688E+0002
-1.67222442626953E+0002
 2.22440063476563E+0002
 1.87774871826172E+0002
-1.31949584960938E+0002
 1.02232276916503E+0002
-2.64275588989258E+0001
-4.05727020263672E+0002
 8.31905517578125E+0001
 5.34861755371094E+0001
 2.17736923217773E+0002
-3.12436103820801E+0001
-1.00925712585449E+0002
-1.44164611816406E+0002
-1.81538162231445E+0001
 2.71648864746094E+0002
-1.53547805786133E+0002
-1.39678604125977E+0002
 3.03943824768066E+0001
 1.06072509765625E+0002
-3.80271110534668E+0001
-1.65432529449463E+0001
 1.14123779296875E+0002
-2.44459320068359E+0002
 1.65929306030273E+0002
-1.14962829589843E+0002
 1.42432525634766E+0002
 1.88960861206055E+0002
-2.49410278320313E+0002
 6.21426620483398E+0001
-1.68083679199219E+0002
 1.41117141723633E+0002
 1.50719696044922E+0002
 1.21702339172363E+0002
-2.35795379638672E+0002
 1.96081756591797E+0002
-3.38571960449219E+0002
 1.55067062377930E+0002
 1.66294982910156E+0002
 1.53794128417969E+0002
-1.48024612426758E+0002
 2.58651397705078E+0002
-3.05499755859375E+0002
-9.69803237915039E+0000
 2.06906524658203E+0002
-1.00681335449218E+0002
 1.88227890014648E+0002
 2.28872146606445E+0002
-7.56882476806641E+0001
-1.84051498413086E+0002
-6.39237747192383E+0001
 1.48560317993164E+0002
 1.24734947204589E+0002
 4.01261367797852E+0001
 2.38448623657227E+0002
-1.63950698852539E+0002
-4.66083755493164E+0001
 1.29546676635742E+0002
-3.93569107055664E+0001
 8.43459396362305E+0001
 6.01597900390625E+0001
 9.61107177734375E+0001
 1.92006683349609E+0000
 2.93676986694336E+0001
-7.01440048217773E+0000
 6.98172683715820E+0001
 2.03126144409180E+0002
 2.28233261108398E+0001
-1.48556167602539E+0002
 8.49063262939453E+0001
-3.13871612548828E+0001
 2.79283447265625E+0002
 1.89256256103516E+0002
-1.12115173339843E+0002
 9.85240936279297E-0001
-1.34878112792969E+0002
